2
3
5
7
11
13
17
19
23
29
31
37
41
43
47
53
59
71
73
79
83
97
101
103
107
113
127
131
137
151
167
173
193
239
251
257
271
277
331
337
347
349
373
389
419
431
433
503
509
571
619
641
659
661
673
727
769
839
911
991
1019
1153
1279
1319
1499
1733
1993
2039
2251
2477
2741
2999
4079
4957
6037
10711
14221
16657
17449
21013
43487
46769
47111
49339
65537
125621
166571
224351
274177
426631
912823
1409531
2135141
2348299
2998279
4270283
6700417
13543139
16581973
18255431
67699909
503428147
1178425513
1314391033
2666953313
32003439757
61889725151
154678190827
451394469007
3968426529869
67280421310721
305127991964753
3661535903577037
4728799256687813
14646143614308149
1098739602879712981153
10300794850370620375019
15668857421838041624249
478873650934163301961973
60156641926164422990110961
11309448682118911522140860669
49020711881347822107073752329
25912047434638156242661719014731053371
211658593968830975061937168241985827134991
1618632724973021121197587361132301934259088793000170256578860693
3369993333393829974333376885877452627127422867026354474197187962827
6739986666787659948666753771754910082524112395960445123360657223787
26959946667150639794667015087019630673557916260026308143510066298881
