2
3
5
7
11
13
17
19
23
29
31
37
41
43
47
53
59
61
71
73
83
89
97
101
107
109
113
127
139
179
181
199
233
239
251
257
281
307
337
349
389
409
467
487
491
509
569
577
613
641
677
757
761
827
929
1093
1171
1361
1427
1481
1489
1621
1709
1913
2017
2069
2137
3499
3557
3583
3631
4139
4871
6101
6131
6829
6869
7027
8167
9743
11579
12263
20149
23159
25169
28201
29789
32051
37061
38917
56477
66889
128327
204871
257921
337871
475879
515843
594469
674851
675743
755071
1309769
1605001
2158993
2276749
2520149
3395947
3610679
5944691
6668719
8852471
9460403
10033351
10797617
26674877
28885433
40981483
56496641
79205069
89572247
172233653
330721099
655703729
769067591
1254011459
1322884397
2508022919
2800279289
3405399401
4146284929
5245629833
6336405521
9763004983
24818064443
25702224791
33603351469
33703118249
190092165631
205617798329
411235596659
757854149669
4838443062843209
17640338984078233
174061523397517031
214716704766839741
530981415715788823
10430719144335216091
1387952515455179133729937
37939856611836168846675307
177094633733642724131666219
346620111872575246278197137567
86863000035267356717316202674290201
368393897883567841714110544879185761
62626962640206533091398792629461579371
55148281144069641987743084093489737434059
1865030947425350555461856044505365833668381
5956014363559521334676253082096891642878373
534619317665346772496792922548598427691583107777
4166984624889029721582089335432296843152547855482464193
5859213201080118651615152953528509347475556918696436214739
1897137590064188545819787018382342682267966184704134057638155779789623749588221947
1897137590064188545819787018382342682267984672819575944806790332981673132697387013
7588550360256754183279148073529370729071901715047420004889892225542593764571217919
